0.0 4.977429055245284 32.893613361867075 43.77540976393025 49.819298469569 67.09513842298858 70.42231748529723 44.94263120913149 26.900769505722323 20.998461848430708 17.457906518251264 27.360162645715395 41.83489572115604
4.977429055245284 0.0 28.418391931986584 39.343076900517076 45.00936013764248 63.23462659018395 68.56892590671083 46.54242473271025 26.737079122447163 24.91680958710404 12.497923827580326 22.847277737183486 36.95156424293835
32.893613361867075 28.418391931986584 0.0 33.605501037776534 31.405676238540064 36.01262278701733 51.10955487968957 51.75831624000146 29.81825615290069 45.64103855084807 17.523472829322387 24.39 23.731668715031397
43.77540976393025 39.343076900517076 33.605501037776534 0.0 11.066724899445182 61.48733609451624 84.07272149752262 80.83141592227615 58.14830779996955 64.18388972320079 29.86819378536305 16.507846619108136 11.38635147885397
49.819298469569 45.00936013764248 31.405676238540064 11.066724899445182 0.0 53.491947992197844 79.18834320782321 82.06928414455679 59.41440650212707 69.07518874386085 33.68040676713985 23.116440037341388 8.5035169194869
67.09513842298858 63.23462659018395 36.01262278701733 61.48733609451624 53.491947992197844 0.0 33.96660124298574 65.27955039673603 51.70986946415549 73.74688196798559 53.46021791949599 58.63953359296098 50.14274523797036
70.42231748529723 68.56892590671083 51.10955487968957 84.07272149752262 79.18834320782321 33.96660124298574 0.0 45.786029528667356 45.29003643186877 66.85844299712639 64.16279061886257 75.05906807308494 73.18800243209266
44.94263120913149 46.54242473271025 51.75831624000146 80.83141592227615 82.06928414455679 65.27955039673603 45.786029528667356 0.0 22.74160284588577 29.371525326410946 51.41120500435678 65.54930968362672 73.70883257792107
26.900769505722323 26.737079122447163 29.81825615290069 58.14830779996955 59.41440650212707 51.70986946415549 45.29003643186877 22.74160284588577 0.0 22.76883835420682 29.07033711534835 43.17967693255706 51.01572796697113
20.998461848430708 24.91680958710404 45.64103855084807 64.18388972320079 69.07518874386085 73.74688196798559 66.85844299712639 29.371525326410946 22.76883835420682 0.0 35.407661600280804 47.6770647166958 60.72415087920126
17.457906518251264 12.497923827580326 17.523472829322387 29.86819378536305 33.68040676713985 53.46021791949599 64.16279061886257 51.41120500435678 29.07033711534835 35.407661600280804 0.0 14.142135623730951 25.317977802344327
27.360162645715395 22.847277737183486 24.39 16.507846619108136 23.116440037341388 58.63953359296098 75.05906807308494 65.54930968362672 43.17967693255706 47.6770647166958 14.142135623730951 0.0 16.15549442140351
41.83489572115604 36.95156424293835 23.731668715031397 11.38635147885397 8.5035169194869 50.14274523797036 73.18800243209266 73.70883257792107 51.01572796697113 60.72415087920126 25.317977802344327 16.15549442140351 0.0
